0.8270334107966018 1.7
-0.8271378901698005 1.3
0.8115328676607604 1.695
-0.8427414558559254 1.305
0.8739311059538023 1.6900000000000002
-0.8271208526178526 1.3099999999999998
0.8114158691095138 1.6850000000000003
-0.8271317841456295 1.3149999999999997
0.8583528891789902 1.6800000000000004
-0.8739571200880907 1.3199999999999996
0.8115325777795559 1.6750000000000005
-0.8271415341304044 1.3249999999999995
0.827143109907096 1.6700000000000006
-0.8739434884885833 1.3299999999999994
0.827146458452501 1.6650000000000007
-0.8271321780799523 1.3349999999999993
0.8115100643053011 1.6600000000000008
-0.827112284865635 1.3399999999999992
0.873962843405473 1.655000000000001
-0.827142617476235 1.344999999999999
0.8115345103248308 1.650000000000001
-0.827142814448509 1.349999999999999
0.8115387619568344 1.6450000000000011
-0.8271433068796047 1.3549999999999989
0.7959302571332126 1.6400000000000012
-0.8115247510653151 1.3599999999999988
0.7959184110855383 1.6350000000000013
-0.8115359597398273 1.3649999999999987
0.795926371590714 1.6300000000000014
-0.8115298722316338 1.3699999999999986
0.7803232240341839 1.6250000000000016
-0.8115338339329375 1.3749999999999984
0.780311610278548 1.6200000000000017
-0.81152098270119 1.3799999999999983
0.7803193217737262 1.6150000000000018
-0.795917842484119 1.3849999999999982
0.7959277931262517 1.6100000000000019
-0.7803078939497563 1.3899999999999981
0.8115347035798646 1.605000000000002
-0.7802894057401325 1.394999999999998
0.749110384267798 1.600000000000002
-0.8271445872031973 1.399999999999998
0.7335050533085624 1.5950000000000022
-0.7647128442859739 1.4049999999999978
0.7178974515899731 1.5900000000000023
-0.7491118113903893 1.4099999999999977
0.780322109098642 1.5850000000000024
-0.7803110528269726 1.4149999999999976
0.6710785319966603 1.5800000000000025
-0.7022693282599277 1.4199999999999975
0.6554684644244703 1.5750000000000026
-0.6710726990581924 1.4249999999999974
0.6242535992145393 1.5700000000000027
-0.6554471588662445 1.4299999999999973
0.6398465307125506 1.5650000000000028
-0.608654651239216 1.4349999999999972
0.5930146529174272 1.560000000000003
-0.593043461280818 1.439999999999997
0.5150043750730022 1.555000000000003
-0.5462211188702947 1.444999999999997
0.4681786045368614 1.5500000000000032
-0.4993897385347224 1.4499999999999968
0.4369792364327171 1.5450000000000033
-0.4525762074968031 1.4549999999999967
0.3589479992289179 1.5400000000000034
-0.3745491269726551 1.4599999999999966
0.3277361052999311 1.5350000000000035
-0.3121302930603209 1.4649999999999965
0.2653073374155757 1.5300000000000036
-0.28091328345952205 1.4699999999999964
0.21848719884915496 1.5250000000000037
-0.23409791491065646 1.4749999999999963
0.14043647585456392 1.5200000000000038
-0.15606386435474523 1.4799999999999962
0.09363815137424827 1.515000000000004
-0.1092458367099179 1.484999999999996
0.031213163099922035 1.510000000000004
-0.06244179072338856 1.489999999999996
0.015605797405145656 1.5050000000000041
-0.04681708563594292 1.4949999999999959
0.0 1.5000000000000042
-0.0 1.4999999999999958
