0.8270334107966018 1.7
-0.8271378901698005 1.3
0.8115328676607604 1.695
-0.811528809342743 1.305
0.8583251933474845 1.6900000000000002
-0.8271208526178526 1.3099999999999998
0.8426241717675721 1.6850000000000003
-0.8271317841456295 1.3149999999999997
0.8271400568452087 1.6800000000000004
-0.8271379886548001 1.3199999999999996
0.8271389735060858 1.6750000000000005
-0.8271415341304044 1.3249999999999995
0.827143109907096 1.6700000000000006
-0.8583373547655728 1.3299999999999994
0.827146458452501 1.6650000000000007
-0.8583447131018374 1.3349999999999993
0.8271160270804031 1.6600000000000008
-0.827112284865635 1.3399999999999992
0.8271434053658941 1.655000000000001
-0.827142617476235 1.344999999999999
0.8271409432156929 1.650000000000001
-0.827142814448509 1.349999999999999
0.8427517912628665 1.6450000000000011
-0.8115368293913102 1.3549999999999989
0.8271432083933387 1.6400000000000012
-0.8115247510653151 1.3599999999999988
0.8115246544401568 1.6350000000000013
-0.8115359597398273 1.3649999999999987
0.795926371590714 1.6300000000000014
-0.7959235285348716 1.3699999999999986
0.8427490819569187 1.6250000000000016
-0.7959274140496119 1.3749999999999984
0.8271303068952609 1.6200000000000017
-0.7959148099569363 1.3799999999999983
0.7959257082092007 1.6150000000000018
-0.795917842484119 1.3849999999999982
0.7803213658100507 1.6100000000000019
-0.7803078939497563 1.3899999999999981
0.8115347035798646 1.605000000000002
-0.7646836176253299 1.394999999999998
0.8115362496234478 1.600000000000002
-0.764718580621824 1.399999999999998
0.7335050533085624 1.5950000000000022
-0.7335000751314443 1.4049999999999978
0.7335039179288855 1.5900000000000023
-0.7335053153197563 1.4099999999999977
0.7647156669166691 1.5850000000000024
-0.7178861686008148 1.4149999999999976
0.6866850094849548 1.5800000000000025
-0.7334812984048134 1.4199999999999975
0.6710748564345766 1.5750000000000026
-0.686679040896755 1.4249999999999974
0.6554662791752662 1.5700000000000027
-0.6398412741313338 1.4299999999999973
0.6086345048241335 1.5650000000000028
-0.608654651239216 1.4349999999999972
0.5618033553954573 1.560000000000003
-0.5774370544050069 1.439999999999997
0.5618229546250934 1.555000000000003
-0.5306148011882862 1.444999999999997
0.4837845580214234 1.5500000000000032
-0.4993897385347224 1.4499999999999968
0.4369792364327171 1.5450000000000033
-0.4525762074968031 1.4549999999999967
0.34334156447983455 1.5400000000000034
-0.3745491269726551 1.4599999999999966
0.29652314289041387 1.5350000000000035
-0.32773680771333696 1.4649999999999965
0.24970102344995362 1.5300000000000036
-0.28091328345952205 1.4699999999999964
0.18727474187070425 1.5250000000000037
-0.23409791491065646 1.4749999999999963
0.14043647585456392 1.5200000000000038
-0.17167025079021977 1.4799999999999962
0.09363815137424827 1.515000000000004
-0.1092458367099179 1.484999999999996
0.046819744649883054 1.510000000000004
-0.06244179072338856 1.489999999999996
0.0 1.5050000000000041
-0.015605695211980972 1.4949999999999959
0.0 1.5000000000000042
-0.0 1.4999999999999958
