0.8324440548431713 1.7
-0.8428530849768447 1.3
0.8324474252485035 1.695
-0.8428555607555097 1.305
0.8324401557808561 1.6900000000000002
-0.8376496896591391 1.3099999999999998
0.8272339898535026 1.6850000000000003
-0.8376247530501276 1.3149999999999997
0.8324492095917873 1.6800000000000004
-0.8376477279254241 1.3199999999999996
0.8272453840878484 1.6750000000000005
-0.8376478609240297 1.3249999999999995
0.8272447273511196 1.6700000000000006
-0.8428533860842838 1.3299999999999994
0.8272443661463633 1.6650000000000007
-0.8376499889074627 1.3349999999999993
0.8324470287288125 1.6600000000000008
-0.8376503214058507 1.3399999999999992
0.8272418377219012 1.655000000000001
-0.8324478217685721 1.344999999999999
0.8272335958221949 1.650000000000001
-0.8272448915352041 1.349999999999999
0.8220382431175741 1.6450000000000011
-0.827242264597674 1.3549999999999989
0.8168394575342046 1.6400000000000012
-0.8220415387604662 1.3599999999999988
0.8116370128317931 1.6350000000000013
-0.8220233641083385 1.3649999999999987
0.8064320347402913 1.6300000000000014
-0.8170479957586235 1.3699999999999986
0.8015596054159858 1.6250000000000016
-0.8116368839626071 1.3749999999999984
0.7960275976125384 1.6200000000000017
-0.8064341474459309 1.3799999999999983
0.7856222575782752 1.6150000000000018
-0.7908248028569008 1.3849999999999982
0.7804179122677657 1.6100000000000019
-0.7908253992889577 1.3899999999999981
0.7700116982407229 1.605000000000002
-0.7752147569284841 1.394999999999998
0.7544067967362748 1.600000000000002
-0.7648094629471228 1.399999999999998
0.7439957517929963 1.5950000000000022
-0.7544070363012817 1.4049999999999978
0.7231895618772769 1.5900000000000023
-0.7387926030650315 1.4099999999999977
0.7075812102407638 1.5850000000000024
-0.7283923355677349 1.4149999999999976
0.6867529333312163 1.5800000000000025
-0.7075747784000057 1.4199999999999975
0.6555526336211097 1.5750000000000026
-0.6815666270187728 1.4249999999999974
0.6295366161181131 1.5700000000000027
-0.6555520351239399 1.4299999999999973
0.59832282189412 1.5650000000000028
-0.6191304378200654 1.4349999999999972
0.5566956800217967 1.560000000000003
-0.5879169742309676 1.439999999999997
0.5202801364306366 1.555000000000003
-0.5514968132690456 1.444999999999997
0.47865687052009304 1.5500000000000032
-0.5046710712643367 1.4499999999999968
0.426628763530044 1.5450000000000033
-0.463049064098039 1.4549999999999967
0.35899270988971654 1.5400000000000034
-0.3746015495348791 1.4599999999999966
0.3121679703369931 1.5350000000000035
-0.3277762257348407 1.4649999999999965
0.26015267694349664 1.5300000000000036
-0.2757479140826606 1.4699999999999964
0.2081652514970136 1.5250000000000037
-0.22382802548403077 1.4749999999999963
0.15088022142241547 1.5200000000000038
-0.16648940574576251 1.4799999999999962
0.0988525431675677 1.515000000000004
-0.11966340539069936 1.484999999999996
0.03641949389865986 1.510000000000004
-0.06243321737533702 1.489999999999996
0.010405402819966415 1.5050000000000041
-0.026013545254919525 1.4949999999999959
0.0 1.5000000000000042
-0.0 1.4999999999999958
