0.8376468301859411 1.7
-0.8376502881560001 1.3
0.8376502216563066 1.695
-0.8428555607555097 1.305
0.8324401557808561 1.6900000000000002
-0.8376496896591391 1.3099999999999998
0.8324367193494365 1.6850000000000003
-0.8376247530501276 1.3149999999999997
0.8324492095917873 1.6800000000000004
-0.8376477279254241 1.3199999999999996
0.8324481852456336 1.6750000000000005
-0.8376478609240297 1.3249999999999995
0.8324475243784852 1.6700000000000006
-0.8376505874047513 1.3299999999999994
0.8272443661463633 1.6650000000000007
-0.8324471939453045 1.3349999999999993
0.8324470287288125 1.6600000000000008
-0.8324475243784852 1.3399999999999992
0.8272418377219012 1.655000000000001
-0.8324478217685721 1.344999999999999
0.8220308688044453 1.650000000000001
-0.8324476895951739 1.349999999999999
0.8220382431175741 1.6450000000000011
-0.827242264597674 1.3549999999999989
0.8168394575342046 1.6400000000000012
-0.8220415387604662 1.3599999999999988
0.8116370128317931 1.6350000000000013
-0.8168206845886655 1.3649999999999987
0.8064320347402913 1.6300000000000014
-0.8118438683971037 1.3699999999999986
0.8015596054159858 1.6250000000000016
-0.8064340834243853 1.3749999999999984
0.7908248028569008 1.6200000000000017
-0.8012313464946669 1.3799999999999983
0.780419461170472 1.6150000000000018
-0.7908248028569008 1.3849999999999982
0.7856206983495507 1.6100000000000019
-0.7856226006094251 1.3899999999999981
0.7648089164958531 1.605000000000002
-0.7752147569284841 1.394999999999998
0.7596096022310077 1.600000000000002
-0.7648094629471228 1.399999999999998
0.7491985192880523 1.5950000000000022
-0.7492042291543763 1.4049999999999978
0.7335951670841442 1.5900000000000023
-0.7283870734443972 1.4099999999999977
0.7127840132572401 1.5850000000000024
-0.7075811259800854 1.4149999999999976
0.6971582808059318 1.5800000000000025
-0.6919665112294174 1.4199999999999975
0.6659582309801749 1.5750000000000026
-0.6659582309801749 1.4249999999999974
0.6347393980695024 1.5700000000000027
-0.6347408594057196 1.4299999999999973
0.6035256290410254 1.5650000000000028
-0.6035221074548537 1.4349999999999972
0.5671012067511761 1.560000000000003
-0.5723085589858976 1.439999999999997
0.5306857391592493 1.555000000000003
-0.5410912130186862 1.444999999999997
0.48385966259096364 1.5500000000000032
-0.4890626876169862 1.4499999999999968
0.4370343431283377 1.5450000000000033
-0.44744066867900395 1.4549999999999967
0.35899270988971654 1.5400000000000034
-0.3798043488339747 1.4599999999999966
0.30176237132576 1.5350000000000035
-0.3329790229687271 1.4649999999999965
0.2549496234046267 1.5300000000000036
-0.2757479140826606 1.4699999999999964
0.20296112020958826 1.5250000000000037
-0.22382802548403077 1.4749999999999963
0.15088022142241547 1.5200000000000038
-0.1716921996753176 1.4799999999999962
0.09364977773769571 1.515000000000004
-0.11966340539069936 1.484999999999996
0.03641949389865986 1.510000000000004
-0.06243321737533702 1.489999999999996
0.0 1.5050000000000041
-0.026013545254919525 1.4949999999999959
0.0 1.5000000000000042
-0.0 1.4999999999999958
